%Ejercicio1_8
5:3:18
1/2:7/2
linspace(3,-4.5,6)
V=[3,1.5,0,-1.5,-3.5,-4.5]
v=(2,4,6)